P1 = -0.011065586573
P2 = -0.1456997077
P7p = -2.2160564694
P5pp = -2.4213984342
P3p = -1.093084155
P2p = -0.65697327993
P7pp = -2.6400152652
P3pp = -1.0963106304
P5 = -2.7201135126
P9 = -3.0030079161
P7ppp = -2.8374111921
P3ppp = -1.9581313628
Msa1 = 0.00012786074344
Msa3 = 0.00018719552603
P7 = -2.8075117836
P1ppp = -0.7195126383
P5p = -1.9974396384
P3 = -1.5400575533
P6 = -2.7799123296
Msa2 = 0.00018719552603
P4 = -2.5800673006
P5ppp = -2.7500129211
P9p = -2.3184890235
P8 = -2.8673106006
Mpa = 0.00031571726088
