h = -0.014679785038
f = 0.017116596026
d = 0.018142165228
g = -0.032982791942
b = 0.023272238707
abc = 0.031320043393
k = 0.017434214561
c = 0.019723480188
j = -0.003285994114
i = -0.006221793302
